71
0 453 187
1 689 262
2 66 727
3 662 126
4 699 657
5 740 359
6 718 361
7 222 266
8 99 707
9 202 449
10 111 87
11 457 483
12 439 159
13 755 283
14 100 364
15 644 417
16 425 736
17 162 416
18 70 425
19 500 691
20 494 218
21 87 504
22 207 545
23 732 798
24 346 644
25 542 98
26 278 578
27 543 228
28 184 92
29 291 565
30 740 225
31 458 144
32 319 526
33 246 597
34 115 633
35 710 394
36 379 659
37 65 539
38 517 429
39 297 380
40 444 744
41 533 465
42 743 391
43 653 162
44 388 506
45 449 118
46 206 422
47 306 536
48 274 399
49 253 607
50 118 408
51 640 707
52 611 106
53 549 777
54 568 386
55 101 687
56 297 61
57 423 657
58 488 303
59 244 463
60 669 365
61 149 325
62 193 514
63 747 718
64 728 291
65 467 672
66 759 241
67 142 649
68 550 465
69 443 282
70 757 252
