69
0 282 781
1 295 797
2 257 632
3 93 62
4 739 276
5 616 320
6 469 768
7 75 454
8 217 767
9 576 344
10 679 626
11 677 126
12 433 261
13 291 72
14 521 676
15 607 207
16 680 530
17 353 177
18 686 469
19 424 524
20 415 788
21 508 588
22 79 686
23 637 787
24 688 402
25 150 639
26 307 601
27 646 257
28 135 103
29 121 412
30 339 543
31 104 136
32 759 697
33 261 648
34 745 777
35 521 218
36 605 215
37 490 317
38 590 764
39 522 475
40 368 525
41 150 152
42 208 713
43 799 775
44 148 325
45 358 550
46 360 547
47 519 521
48 245 459
49 421 695
50 60 622
51 675 153
52 723 585
53 321 178
54 732 368
55 506 104
56 466 280
57 367 128
58 521 531
59 729 403
60 793 292
61 478 739
62 179 409
63 354 787
64 401 709
65 374 73
66 664 433
67 273 600
68 429 108
