80
0 649 435
1 81 784
2 784 522
3 225 437
4 728 301
5 199 467
6 418 126
7 496 312
8 134 275
9 465 751
10 307 588
11 471 81
12 432 641
13 548 59
14 237 221
15 158 274
16 335 756
17 249 633
18 530 601
19 394 214
20 499 171
21 766 67
22 425 407
23 795 777
24 487 323
25 715 179
26 461 195
27 299 613
28 343 517
29 81 413
30 195 710
31 479 556
32 787 686
33 668 240
34 553 440
35 207 765
36 620 594
37 438 350
38 253 208
39 72 363
40 717 435
41 740 212
42 295 204
43 737 74
44 791 199
45 575 773
46 214 314
47 207 264
48 576 619
49 339 567
50 332 694
51 719 67
52 507 726
53 640 152
54 325 796
55 662 320
56 281 646
57 61 335
58 515 374
59 66 776
60 149 314
61 150 748
62 170 369
63 240 692
64 372 423
65 786 606
66 633 337
67 761 554
68 323 274
69 198 679
70 310 432
71 134 304
72 495 759
73 201 771
74 136 296
75 141 484
76 800 511
77 121 248
78 578 653
79 495 82
